0.81078
1.36592
1.79972
1.98934
2.16323
2.50043
2.59505
2.71523
2.86967
2.97379
3.07164
3.73315
4.07975
4.69572
4.72174
4.75261
5.05849
5.1865
5.29045
5.31411
5.34197
5.36376
5.38615
5.74835
6.03427
6.16653
6.40481
6.75812
7.12395
7.19841
7.26125
7.30594
7.37409
7.49242
7.92567
8.48049
8.93713
9.27196
9.55463
9.80511
9.9487
9.98365
10.3668
10.4431
10.5367
10.6944
10.7758
11.1226
11.3693
11.4455
11.5184
11.7301
11.8838
11.9023
11.9212
12.1645
12.2668
12.374
12.4727
12.525
12.5565
12.5998
12.6458
12.6553
12.694
12.7095
12.7405
12.757
12.761
12.7773
12.7959
12.8928
12.9297
13.0288
13.0689
13.0959
13.1223
13.1869
13.2881
13.8636
14.7513
14.9265
15.0404
15.1496
15.2649
15.2973
15.4479
15.5658
16.0442
16.421
16.698
16.9856
17.2703
17.609
17.9579
18.2017
18.3113
18.424
18.7417
18.8835
18.9502
19.142
19.2154
19.3408
19.4318
19.6418
19.7855
19.8531
19.9326
20.0447
20.0459
20.0472
20.0832
20.1264
20.1275
20.1291
20.1454
20.1468
20.1472
20.1472
20.1474
20.1485
20.1492
20.1717
20.1853
20.2045
20.2543
20.3433
20.3829
20.4728
20.5053
20.5053
20.5055
20.5057
20.5059
20.5307
20.7044
20.7069
20.7075
20.7089
20.7113
20.8465
20.9393
21.0776
21.1044
21.1832
21.1865
21.1899
21.1911
21.1968
21.2861
21.3059
21.345
21.3731
21.4014
21.4905
21.5859
21.629
22.1489
22.5209
22.6339
22.7654
23.1123
23.2047
23.2531
23.2725
23.2989
23.367
23.4261
23.4261
23.4261
23.4261
23.4261
23.4261
23.4261
23.5309
23.5726
24.1743
24.2187
24.5862
24.9664
25.207
25.207
25.2073
25.683
26.1062
26.3617
26.5224
26.7129
26.9157
26.9882
27.0344
27.3272
27.3273
27.3281
27.7753
27.9196
27.9464
27.9732
28.1403
28.205
28.2306
28.2309
28.2309
28.265
28.3018
28.4409
28.4618
28.5132
28.5138
28.5138
28.5138
28.514
28.5443
28.5595
28.6747
28.7735
28.8346
29.1026
29.1374
29.1803
29.6364
30.0463
30.3881
30.465
30.5011
31.041
31.3068
31.6044
31.8522
31.8959
32.1335
32.265
32.4215
32.5417
32.585
32.6354
32.7971
32.8992
32.967
33.0213
33.0701
33.1125
33.3169
33.3934
33.6384
33.6817
33.7089
33.9546
34.2455
34.4506
34.8338
35.2932
35.5181
35.5668
35.6078
35.6499
35.8539
35.9704
36.0968
36.1058
36.1121
36.3027
36.356
36.447
36.8609
37.3769
37.4193
37.4442
37.8244
37.945
38.1844
38.2479
38.2897
38.4309
38.524
38.525
38.5268
38.6134
38.6373
38.6884
38.6884
38.6884
38.7458
38.8015
38.8879
38.9456
39.0581
39.1818
39.4024
39.4986
39.5026
39.5039
39.6301
39.7014
39.816
39.8173
39.8193
39.8195
39.8196
39.9618
40.0465
40.0849
40.1726
40.5044
40.5151
40.5244
40.5748
40.5828
40.5961
40.698
40.9395
40.9715
41.0031
41.0305
41.0596
41.2041
41.3099
41.3712
41.4012
41.421
41.4239
41.4241
41.4363
41.4516
41.4782
41.5342
41.5875
41.6219
41.6595
41.6752
41.7488
42.1034
42.4282
42.5115
42.7864
42.8888
42.9841
43.0855
43.1505
43.3008
43.3516
43.3516
43.3516
43.3516
43.3516
43.3855
43.3974
43.3981
43.3981
43.3981
43.3996
43.4066
43.4066
43.4066
43.407
43.407
43.407
43.4097
43.4099
43.4099
43.4101
43.4101
43.4182
43.4496
43.4714
43.4995
43.5371
43.572
43.6943
43.7392
43.764
43.7973
43.9664
44.0294
44.0737
44.1292
44.1639
44.1904
45.54
